  File: /opt/techcorp/devproject
  Size: 4096      	Blocks: 8          IO Block: 4096   directory
Device: 8,2	Inode: 1572867     Links: 2
Access: (0770/drwxrwx---)  Uid: (    0/    root)   Gid: ( 1003/ devteam)
Access: 2026-06-03 23:14:37.161265156 +0700
Modify: 2026-06-03 23:14:23.361944039 +0700
Change: 2026-06-03 23:14:23.361944039 +0700
 Birth: 2026-06-03 23:13:46.386221848 +0700
